SYMBOL	GENE	emt.e9.0h.S13	emt.e9.0h.S01	emt.e9.2h.S14	emt.e9.2h.S02	emt.e9.4h.S15	emt.e9.6h.S03	emt.e9.6h.S16	emt.e9.12h.S04	emt.e9.24h.S17	emt.e9.24h.S05	emt.e9.36h.S18	emt.e9.36h.S06	emt.e9.48h.S19	emt.e9.48h.S07	emt.e9.60h.S20	emt.e9.60h.S08	emt.e9.72h.S21	emt.e9.72h.S09	emt.e9.96h.S22	emt.e9.96h.S10	emt.e9.7d.S23	emt.e9.7d.S11	emt.e9.10d.S24	emt.e9.10d.S12
4933401J01Rik	ENSMUSG00000102693.1	0.0	0.0	0.0	0.0	0.0	0.0	0.0	0.0	0.0	0.0	0.0	0.0	0.979106634515888	0.0	1.06629180944506	3.46013681765888	0.95918481957299	0.0	1.00117925996893	0.0	0.89924718821669	1.99202592418281	1.80241878483969	0.0
Gm26206	ENSMUSG00000064842.1	6.95507022109055	1.93459114799388	10.9223730878984	2.00589141263221	9.70822919624356	4.88082923381831	5.04678633399468	3.17832616352294	7.46076028030477	2.44426650176443	8.52177024841314	0.0	22.5194525938654	1.09776758480254	24.5247116172364	1.38405472706355	7.67347855658392	0.996624691764065	2.00235851993787	3.0511273190862	0.89924718821669	3.98405184836561	5.40725635451906	4.66143366693663
Xkr4	ENSMUSG00000051951.5	1.15917837018176	0.0	0.0	0.0	0.0	0.0	0.0	0.0	1.0658228971864	1.22213325088222	0.0	0.0	0.979106634515888	0.0	3.19887542833519	0.0	0.95918481957299	0.996624691764065	1.00117925996893	3.0511273190862	6.29473031751683	3.98405184836561	4.50604696209922	3.7291469335493
Gm37329	ENSMUSG00000103201.1	1.15917837018176	6.77106901797857	0.0	0.0	0.970822919624356	0.0	0.0	0.0	1.0658228971864	0.0	1.06522128105164	0.0	0.979106634515888	0.0	0.0	0.0	0.95918481957299	0.0	2.00235851993787	0.0	0.0	0.0	0.901209392419844	0.0
Gm7341	ENSMUSG00000103147.1	13.9101404421811	23.2150937759265	16.880031135843	35.1030997210637	24.2705729906089	33.1896387899645	23.2152171363755	41.3182401257982	28.7772182240327	59.8845292932286	39.4131873989108	51.7093925216343	33.2896255735402	60.3772171641396	34.121337902242	41.5216418119066	38.3673927829196	69.7637284234845	27.0318400191612	40.681697587816	74.6375166219853	61.752803649667	82.9112641026256	77.379798871148
Rp1	ENSMUSG00000025900.11	11.5917837018176	9.67295573996938	5.9576580479446	7.02061994421273	8.73740627661921	0.0	3.02807180039681	2.11888410901529	0.0	6.11066625441108	3.19566384315493	2.58546962608172	3.91642653806355	8.78214067842031	21.3258361889012	3.46013681765888	14.3877722935948	24.9156172941016	37.0436326188505	34.5794429496436	49.458595351918	36.8524795973819	72.9979607860073	65.2600713371128
Gm6101	ENSMUSG00000102948.1	1.15917837018176	0.0	1.98588601598153	0.0	0.970822919624356	0.0	3.02807180039681	0.0	1.0658228971864	1.22213325088222	0.0	1.29273481304086	1.95821326903178	0.0	0.0	4.84419154472244	4.79592409786495	5.97974815058439	0.0	1.0170424396954	2.69774156465007	4.98006481045702	0.901209392419844	0.0
Gm7357	ENSMUSG00000102269.1	6.95507022109055	10.6402513139663	4.96471503995383	5.01472853158052	0.970822919624356	8.78549262087296	3.02807180039681	5.29721027253823	6.39493738311837	7.33279950529329	5.32610640525821	10.3418785043269	1.95821326903178	10.9776758480254	8.53033447556049	15.9166293612309	11.5102178348759	18.9358691435172	11.0129718596583	18.3067639145172	8.9924718821669	10.9561425830054	3.60483756967937	12.1197275340352
Gm22307	ENSMUSG00000096126.1	10.4326053316358	1.93459114799388	24.8235751997692	2.00589141263221	10.6790521158679	2.92849754029099	22.2058598695766	2.11888410901529	10.658228971864	7.33279950529329	24.5000894641878	7.75640887824515	26.435879131929	6.58660550881523	15.9943771416759	5.53621890825422	26.8571749480437	7.97299753411252	21.0247644593476	7.11929707786781	17.9849437643338	3.98405184836561	18.0241878483969	4.66143366693663
Gm37323	ENSMUSG00000104328.1	4.63671348072704	2.90188672199081	0.0	2.00589141263221	0.0	0.0	0.0	2.11888410901529	0.0	1.22213325088222	0.0	1.29273481304086	0.0	0.0	2.13258361889012	0.692027363531777	0.95918481957299	1.99324938352813	2.00235851993787	3.0511273190862	0.0	0.0	0.901209392419844	0.932286733387326
Gm7369	ENSMUSG00000102735.1	0.0	0.0	0.992943007990766	1.0029457063161	5.82493751774614	0.0	2.01871453359787	1.05944205450765	0.0	2.44426650176443	0.0	2.58546962608172	2.93731990354766	3.29330275440762	1.06629180944506	2.07608209059533	0.95918481957299	6.97637284234845	1.00117925996893	5.08521219847701	1.79849437643338	5.97607777254842	0.901209392419844	5.59372040032395
Gm6085	ENSMUSG00000098104.1	126.350442349812	81.2528282157428	114.188445918938	128.377050408461	116.498750354923	90.7834237490206	131.216444683862	93.2309007966729	118.30634158769	107.547726077635	147.000536785127	102.126050230228	105.743516527716	105.385688141044	135.419059799523	87.8874751685357	88.2450034007151	86.7063481834736	96.1132089570176	80.3463527359367	83.6299885041522	76.6929980810381	91.0221486344042	66.1923580705001
Gm6119	ENSMUSG00000102175.1	13.9101404421811	10.6402513139663	13.9012021118707	17.0500770073738	18.4456354728628	6.83316092734563	20.1871453359787	4.23776821803059	13.8556976634231	2.44426650176443	5.32610640525821	11.6346133173677	16.6448127867701	18.6620489416432	18.126960760566	20.7608209059533	14.3877722935948	14.949370376461	16.0188681595029	12.2045092763448	9.89171907038359	12.9481685071882	12.6169314938778	15.8488744675845
Gm25493	ENSMUSG00000088000.1	34.7753511054528	26.1169804979173	30.7812332477138	21.0618598326382	21.3581042317358	8.78549262087296	16.149716268783	8.47553643606118	11.7240518690504	12.2213325088222	14.913097934723	5.17093925216343	5.87463980709533	4.39107033921015	13.8617935227858	17.9927114518262	4.79592409786495	7.97299753411252	7.00825481978253	3.0511273190862	1.79849437643338	0.996012962091404	0.0	1.86457346677465
Gm2053	ENSMUSG00000103265.1	1.15917837018176	2.90188672199081	0.0	3.00883711894831	0.0	1.95233169352732	1.00935726679894	3.17832616352294	2.13164579437279	1.22213325088222	0.0	1.29273481304086	0.979106634515888	0.0	3.19887542833519	1.38405472706355	1.91836963914598	0.0	0.0	0.0	0.0	1.99202592418281	0.0	0.0
Gm6123	ENSMUSG00000103922.1	275.884452103259	283.417603181103	286.960529309331	296.871929069567	260.180542459327	246.969959231206	251.329959432935	203.412874465468	254.731672427549	189.430653886743	253.522664890291	201.666630834374	175.260087578344	188.816024586037	207.926902841787	228.369029965486	225.408432599653	204.308061811633	245.288918692389	169.846087429132	175.353201702255	192.230501683641	226.203557497381	193.915640544564
Mrpl15	ENSMUSG00000033845.13	2982.56594647767	2580.74459142383	2628.32014215156	2389.01667244496	2794.99918559852	2563.41151360138	2630.38503727803	2431.41951509505	2656.0306597885	2196.17345183534	2160.26875797273	2046.39920904368	2216.69742054397	2005.62137743424	2704.11602875268	2169.50578467212	2322.18644818621	1946.40802301522	2181.56960747231	1908.98865930827	1823.67329770345	1808.75953915799	2032.22717990675	1849.65687904045
Gm37144	ENSMUSG00000102275.1	40.5712429563616	58.0377344398163	34.7530052796768	56.1649595537019	35.9204480261012	59.5461166525834	32.2994325375659	40.2587980712906	35.1721556071511	58.6623960423464	52.1958427715305	45.2457184564301	58.7463980709533	32.9330275440762	42.6516723778025	65.7425995355188	21.1020660306058	29.8987407529219	26.0306607591923	36.6135278290344	29.6751572111508	28.8843759006507	23.4314442029159	28.9008887350071
Lypla1	ENSMUSG00000025903.14	3736.03188709581	2739.38106555933	3373.02739814463	2929.60440814934	3431.8590208721	2782.07266327644	3461.08606785355	3251.42766528397	2818.03574016083	2725.35714946734	3017.7718892193	2732.84139476838	2660.23272597967	2263.59675986283	2739.30365846436	2368.11763800574	2578.2887950122	2175.63170212095	2540.99296180115	2056.4598130641	2670.76414900357	2137.44381664815	2732.46687781697	2115.35859805584
Tcea1	ENSMUSG00000033813.15	2398.34004790606	2597.18861618178	2158.65809937193	2525.41728850395	2470.74433044399	2165.1358481218	2256.92284856242	2309.58367882667	1923.81032942144	2125.28972328417	1719.26714761735	1879.63641816141	1587.13185455025	1748.74376259044	1667.68038997208	2081.61830950358	1859.85936515203	1818.84006246942	1987.34083103833	2181.55603314664	1920.79199403085	1743.02268365996	2038.53564565369	1666.92867929654
Gm6104	ENSMUSG00000062588.4	30.1386376247257	40.6264141078714	25.8165182077599	32.0942626021154	21.3581042317358	51.7367898784741	16.149716268783	39.1993560167829	27.7113953268463	35.4418642755843	31.9566384315493	29.7329006999398	17.623919421286	13.1732110176305	17.060668951121	20.0687935424215	24.9388053088977	16.9426197599891	4.00471703987573	17.2897214748218	19.7834381407672	13.9441814692797	28.838700557435	21.4425948679085
Gm37277	ENSMUSG00000103280.1	11.5917837018176	13.5421380359571	9.92943007990766	12.0353484757933	9.70822919624356	19.5233169352732	15.140359001984	12.7133046540918	8.52658317749117	10.9991992579399	19.1739830589296	24.5619614477763	24.4776658628972	9.87990826322285	11.7292099038957	16.6086567247626	4.79592409786495	13.9527456846969	24.0283022392544	18.3067639145172	19.7834381407672	18.9242462797367	24.3326535953358	7.4582938670986
Rgs20	ENSMUSG00000002459.17	33.616172735271	26.1169804979173	27.8024042237415	20.0589141263221	49.5119689008422	45.8797947978921	75.7017950099202	80.5175961425812	70.3443112143021	95.3263935688128	67.1089407062535	85.3204976606967	75.3912108577234	75.7459633513752	56.5134659005883	66.4346268990506	55.6327195352334	65.7772296564283	67.0790104179185	38.6476127084252	71.9397750573352	54.7807129150272	77.5040077481066	74.5829386709861
Gm17100	ENSMUSG00000091305.1	1.15917837018176	0.967295573996938	0.0	2.00589141263221	1.94164583924871	0.976165846763662	1.00935726679894	1.05944205450765	0.0	0.0	0.0	0.0	0.0	1.09776758480254	3.19887542833519	0.0	0.95918481957299	1.99324938352813	0.0	1.0170424396954	1.79849437643338	0.0	0.901209392419844	1.86457346677465
Gm37079	ENSMUSG00000102653.1	0.0	0.0	0.0	0.0	0.970822919624356	1.95233169352732	0.0	0.0	2.13164579437279	0.0	0.0	0.0	0.0	0.0	0.0	0.0	0.0	2.98987407529219	0.0	1.0170424396954	1.79849437643338	0.0	0.901209392419844	1.86457346677465
Gm16041	ENSMUSG00000085623.1	0.0	0.0	0.992943007990766	0.0	3.88329167849743	0.0	0.0	0.0	0.0	0.0	5.32610640525821	7.75640887824515	3.91642653806355	1.09776758480254	1.06629180944506	0.692027363531777	2.87755445871897	0.0	0.0	0.0	1.79849437643338	0.0	0.901209392419844	1.86457346677465
Gm17101	ENSMUSG00000091665.1	0.0	0.0	0.0	0.0	0.970822919624356	0.976165846763662	0.0	1.05944205450765	0.0	0.0	1.06522128105164	0.0	0.0	0.0	0.0	0.0	0.0	0.0	0.0	1.0170424396954	0.0	0.996012962091404	0.901209392419844	0.0
Atp6v1h	ENSMUSG00000033793.12	2575.69433854387	2394.05654564242	2752.4380181504	2268.66318768703	1938.73337048984	1456.43944337138	1653.32720301666	1516.06158000044	1322.68621540832	1121.91832430987	1783.18042448045	1703.82448358785	1497.05404417479	1552.24336491079	2306.38918382967	2018.64381942219	1644.0427807481	1716.18771921772	1771.08611088504	1786.94356654482	1842.557488656	2012.94219638673	2084.4973246671	2074.3379817868
Gm7182	ENSMUSG00000104352.1	0.0	0.0	0.0	2.00589141263221	0.0	0.0	0.0	0.0	1.0658228971864	0.0	0.0	1.29273481304086	0.0	0.0	0.0	2.07608209059533	0.0	1.99324938352813	1.00117925996893	1.0170424396954	0.0	0.0	0.901209392419844	0.932286733387326
Gm37567	ENSMUSG00000104046.1	1.15917837018176	1.93459114799388	3.97177203196307	2.00589141263221	1.94164583924871	0.0	2.01871453359787	0.0	1.0658228971864	2.44426650176443	2.13044256210328	6.46367406520429	1.95821326903178	1.09776758480254	1.06629180944506	3.46013681765888	0.0	0.0	2.00235851993787	2.0340848793908	2.69774156465007	1.99202592418281	0.901209392419844	3.7291469335493
Oprk1	ENSMUSG00000025905.13	0.0	1.93459114799388	0.0	0.0	0.0	0.976165846763662	0.0	0.0	0.0	0.0	2.13044256210328	0.0	0.0	0.0	0.0	0.0	1.91836963914598	2.98987407529219	3.0035377799068	3.0511273190862	0.89924718821669	1.99202592418281	5.40725635451906	3.7291469335493
Gm36965	ENSMUSG00000103936.1	0.0	0.0	0.0	0.0	0.0	0.0	1.00935726679894	0.0	0.0	1.22213325088222	0.0	0.0	0.0	1.09776758480254	0.0	0.0	0.0	0.996624691764065	0.0	1.0170424396954	0.89924718821669	0.996012962091404	0.0	0.0
Npbwr1	ENSMUSG00000033774.4	0.0	0.0	0.0	0.0	0.0	0.0	1.00935726679894	0.0	0.0	0.0	0.0	0.0	0.0	0.0	1.06629180944506	0.692027363531777	0.0	0.996624691764065	0.0	0.0	0.89924718821669	0.0	0.0	0.0
Rb1cc1	ENSMUSG00000025907.14	7721.2871237807	7043.84636984571	8052.76779480511	7318.49481898862	8149.08758732685	7206.05628080935	7929.51068797244	6907.56219538986	9516.73264897733	7948.75466373793	9953.42765014655	9455.06242258084	8852.10308265814	8792.02058668353	10581.8799169328	8983.207206006	10762.0536756089	9529.72530264799	11936.0591373496	10824.3826856782	11803.5185925323	12005.9402450498	11858.1131854603	11962.1710760928
4732440D04Rik	ENSMUSG00000090031.2	179.672647378173	224.41257316729	239.299264925775	225.662783921124	216.493511076231	185.471510885096	173.609449889417	280.752144444526	203.572173362602	285.979180706439	307.848950223925	284.401658868989	189.946687096082	226.140122469323	328.417877309079	321.100696678744	225.408432599653	214.274308729274	241.284201652513	278.66962847654	271.57265084144	305.775979362061	223.499929320121	203.238507878437
Gm2147	ENSMUSG00000103355.1	15.0693188123629	5.80377344398163	7.94354406392613	8.02356565052884	8.73740627661921	11.7139901611639	11.1029299347883	16.9510728721224	14.9215205606095	2.44426650176443	11.7174340915681	3.87820443912258	16.6448127867701	21.9553516960508	11.7292099038957	6.92027363531777	23.0204356697518	18.9358691435172	16.0188681595029	12.2045092763448	6.29473031751683	5.97607777254842	5.40725635451906	13.0520142674226
Gm7417	ENSMUSG00000102706.1	0.0	0.0	0.0	5.01472853158052	1.94164583924871	0.0	0.0	2.11888410901529	0.0	0.0	1.06522128105164	0.0	1.95821326903178	1.09776758480254	3.19887542833519	9.68838308944488	1.91836963914598	3.98649876705626	0.0	6.10225463817241	1.79849437643338	2.98803888627421	7.20967513935875	0.932286733387326
Gm19026	ENSMUSG00000103845.1	92.7342696145407	104.467921991669	90.3578137271597	71.2091451484434	83.4907710876946	119.092233305167	89.8327967451053	96.4092269601959	87.3974775692845	142.989590353219	96.9351365756995	73.685884343329	112.597262969327	155.88299704196	94.8999710406105	150.169937886396	120.857287266197	136.537582771677	104.122643036769	152.55636595431	154.670516373271	164.342138745082	157.711643673473	144.504443675035
St18	ENSMUSG00000033740.17	0.0	0.0	0.0	2.00589141263221	0.0	0.0	0.0	0.0	0.0	0.0	1.06522128105164	0.0	0.979106634515888	0.0	1.06629180944506	0.0	0.0	0.0	1.00117925996893	0.0	1.79849437643338	0.0	1.80241878483969	4.66143366693663
Gm7449	ENSMUSG00000104385.1	6.95507022109055	3.86918229598775	3.97177203196307	3.00883711894831	11.6498750354923	2.92849754029099	10.0935726679894	3.17832616352294	6.39493738311837	1.22213325088222	2.13044256210328	3.87820443912258	6.85374644161122	3.29330275440762	1.06629180944506	4.15216418119066	1.91836963914598	3.98649876705626	4.00471703987573	5.08521219847701	6.29473031751683	9.96012962091404	3.60483756967937	11.1874408006479
Gm37108	ENSMUSG00000102135.1	23.1835674036352	7.73836459197551	13.9012021118707	1.0029457063161	11.6498750354923	7.8093267741093	12.1122872015872	7.41609438155353	3.19746869155919	7.33279950529329	6.39132768630985	6.46367406520429	4.89553317257944	5.48883792401269	7.46404266611543	6.22824627178599	9.5918481957299	5.97974815058439	9.0106133397204	4.0681697587816	2.69774156465007	5.97607777254842	4.50604696209922	1.86457346677465
Gm5694	ENSMUSG00000103629.1	69.5507022109055	73.5144636237673	53.6189224315014	36.1060454273798	67.9576043737049	64.4269458864017	83.7766531443117	50.8532186163671	84.2000088777253	48.8853300352886	61.7828343009953	50.4166577085935	56.7881848019215	45.0084709769041	59.7123413289235	52.594079628415	38.3673927829196	41.8582370540907	64.0754726380117	24.4090185526896	63.846550363385	28.8843759006507	29.7399099498548	42.885189735817
Pcmtd1	ENSMUSG00000051285.17	2314.87920525297	2322.47667316665	2359.23258698606	2300.75745028914	2546.46851817469	2340.84570053926	3079.54902100355	2757.72766788341	3736.7750775355	3195.87845105699	4765.80001142505	4659.01626619925	4248.34368716444	4441.56764811107	6107.71948450131	5223.42253993785	5340.74107538241	4731.97403649578	5037.93403616367	4366.16319361236	4846.04309729974	5021.89735486486	5108.05483623567	5375.56530471132
Gm26983	ENSMUSG00000098201.1	0.0	0.967295573996938	0.0	0.0	0.0	0.976165846763662	0.0	0.0	0.0	0.0	0.0	1.29273481304086	1.95821326903178	0.0	0.0	0.0	0.95918481957299	0.0	0.0	0.0	0.89924718821669	0.0	2.70362817725953	0.0
Gm38372	ENSMUSG00000103509.1	78.8241291723596	72.5471680497704	92.3436997431413	56.1649595537019	92.2281773643139	69.30777512022	101.945083946692	72.04205970652	120.437987382063	89.2157273144018	136.34832397461	125.395276864963	88.1195971064299	97.7013150474259	136.485351608968	104.496131893298	92.081742679007	88.6995975670018	71.0837274577943	58.9884615023333	98.9171907038359	101.593322133323	101.836661343442	104.41611413938
Gm9826	ENSMUSG00000048538.7	0.0	1.93459114799388	0.992943007990766	1.0029457063161	1.94164583924871	0.0	0.0	1.05944205450765	2.13164579437279	0.0	0.0	3.87820443912258	1.95821326903178	0.0	3.19887542833519	0.692027363531777	0.0	0.996624691764065	0.0	3.0511273190862	3.59698875286676	2.98803888627421	0.0	2.79686020016198
Nras-ps2	ENSMUSG00000103709.1	0.0	0.0	0.0	0.0	0.0	2.92849754029099	1.00935726679894	0.0	3.19746869155919	1.22213325088222	1.06522128105164	0.0	0.0	2.19553516960508	0.0	0.692027363531777	0.95918481957299	1.99324938352813	1.00117925996893	0.0	1.79849437643338	4.98006481045702	0.901209392419844	0.932286733387326
Gm26901	ENSMUSG00000097797.6	4.63671348072704	8.70566016597244	5.9576580479446	16.0471313010577	9.70822919624356	6.83316092734563	2.01871453359787	8.47553643606118	8.52658317749117	3.66639975264665	6.39132768630985	0.0	3.91642653806355	12.0754434328279	10.6629180944506	4.15216418119066	6.71429373701093	6.97637284234845	6.0070755598136	7.11929707786781	14.387955011467	11.9521555450968	9.91330331661828	18.6457346677465
Gm30414	ENSMUSG00000103067.1	0.0	0.0	0.0	0.0	0.0	1.95233169352732	0.0	0.0	0.0	2.44426650176443	1.06522128105164	0.0	0.0	0.0	2.13258361889012	0.692027363531777	0.0	0.0	0.0	0.0	0.0	1.99202592418281	0.0	0.0
Gm7470	ENSMUSG00000104226.1	1.15917837018176	0.0	1.98588601598153	3.00883711894831	5.82493751774614	1.95233169352732	0.0	1.05944205450765	1.0658228971864	2.44426650176443	1.06522128105164	2.58546962608172	2.93731990354766	6.58660550881523	4.26516723778025	2.76810945412711	4.79592409786495	1.99324938352813	2.00235851993787	1.0170424396954	5.39548312930014	3.98405184836561	3.60483756967937	2.79686020016198
